1
12
123
1234
12345
123456
1234567
12345678
123456789
12345678910
1234567891011
123456789101112
12345678910111213
1234567891011121314
123456789101112131415
12345678910111213141516
1234567891011121314151617
123456789101112131415161718
12345678910111213141516171819
1234567891011121314151617181920
0000000000000000000000000000000
111111111111111111111111111111
22222222222222222222222222222
3333333333333333333333333333
444444444444444444444444444
55555555555555555555555555
6666666666666666666666666
777777777777777777777777
88888888888888888888888
9999999999999999999999
101010101010101010101
11111111111111111111
1212121212121212121
131313131313131313
14141414141414141
1515151515151515
161616161616161
17171717171717
1818181818181
191919191919
20202020202
2121212121
222222222
23232323
2424242
252525
26262
2727
282
29
